20001	10004	1	41	10007	0	15	10009	1	30	10011	1	22	10013	0	10	10022	0	8
20002	10002	0	6	10007	1	52	10014	0	26	10019	1	37	10020	1	15	10024	0	29
20003	10001	1	23	10003	0	15	10017	0	19	10023	0	10	10025	1	30	10028	1	21
20004	10001	1	31	10004	1	29	10007	0	21	10021	0	9	10022	1	12	10024	1	15	10026	0	18	10027	0	8
20005	10001	0	20	10004	1	29	10008	0	15	10009	0	12	10017	1	19	10019	0	10	10024	1	22	10026	1	16	10027	0	7	10028	1	30
20006	10005	1	26	10012	1	24	10015	1	25	10016	1	30	10027	1	33
20007	10002	0	6	10004	0	12	10005	1	20	10017	1	25	10021	1	23	10022	0	12	10026	0	9	10028	1	30
20008	10002	0	12	10003	1	26	10008	1	30	10013	0	16	10014	1	19	10020	0	21	10028	1	32
20009	10005	1	19	10006	0	15	10016	0	15	10017	1	29	10019	1	35	10021	1	25	10025	1	26	10027	0	16
20010	10004	1	29	10007	0	12	10009	1	26	10013	0	15	10014	0	3	10025	1	30
20011	10002	1	16	10003	1	19	10005	1	15	10006	0	13	10007	0	12	10008	0	15	10011	0	7	10012	0	12	10014	0	10	10016	0	15	10017	1	21	10018	0	18	10024	1	25	10027	0	19	10028	1	30
20012	10001	1	22	10004	1	26	10007	0	12	10010	1	23	10013	0	16	10020	1	31	10022	1	26	10023	1	21	10028	0	19
20013	10005	1	26	10012	1	24	10015	1	25	10016	1	30	10027	1	33
